319
51
126
265
90
186
496
66
277
170
499
319
384
308
264
29
340
13
227
153
155
164
479
329
389
438
423
147
299
225
123
63
295
112
369
217
76
133
223
261
39
52
321
43
274
467
293
322
321
113
385
155
410
387
429
207
149
122
329
46
370
397
336
243
495
129
398
445
461
436
256
152
152
480
54
176
278
466
21
491
291
24
481
483
473
409
218
378
459
38
390
108
102
466
185
203
424
136
441
251
40
69
102
462
30
153
408
296
485
11
9
54
307
101
383
175
163
492
90
460
106
238
64
36
388
258
280
43
244
169
97
478
85
19
96
364
26
373
230
217
450
209
318
292
386
141
364
30
20
436
176
193
167
30
29
28
11
407
484
182
80
228
106
404
243
324
282
291
8
284
376
451
98
334
64
372
315
353
273
254
369
293
319
317
113
317
407
398
210
33
468
163
386
97
405
78
202
42
405
362
326
192
150
396
96
361
270
47
91
147
295
66
160
54
264
167
364
176
260
48
355
200
2
91
358
242
312
458
337
57
271
160
320
390
495
280
476
482
100
479
108
247
16
161
346
486
383
348
198
383
195
66
254
109
428
373
139
467
169
366
341
299
160
366
75
189
289
2
382
464
15
387
196
102
154
215
232
195
468
494
20
52
387
304
16
140
225
405
162
225
167
273
440
323
300
13
471
466
261
312
344
415
19
449
217
233
445
248
52
159
12
485
283
136
350
108
298
296
255
497
379
403
134
128
360
500
306
418
290
268
471
55
12
253
305
98
386
443
185
304
279
15
152
236
215
458
457
146
11
273
62
373
225
185
322
199
406
288
452
304
207
292
234
180
382
148
9
347
313
7
95
49
117
75
277
496
84
399
74
485
140
173
9
233
184
390
126
84
466
95
122
90
25
414
112
231
175
109
305
436
458
496
466
100
466
437
252
119
301
15
226
97
333
416
119
81
115
238
478
75
225
275
83
416
309
18
94
66
84
241
272
410
153
84
300
434
71
43
171
254
216
145
118
389
37
350
318
61
431
48
192
170
434
476
244
480
107
180
208
313
475
443
458
158
343
104
261
59
340
194
67
388
438
479
54
31
84
187
486
426
60
244
13
119
82
200
352
73
497
125
356
441
53
437
267
239
425
214
93
203
